CNN[0]=11	PCH[0]=11
Round: 0: CNN: 11, degree: 2
CNN: 11 comparing with 14 (2.512461)
CNN: 11 comparing with 10 (3.700000)
PCH Id: 11
Round: 1: CNN: 14, degree: 2
CNN: 14 comparing with 13 (3.000000)
CNN: 14 comparing with 12 (4.110795)
CNN: 14 comparing with 1 (5.146648)
CNN: 14 comparing with 9 (5.891169)
PCH Id: 11
Round: 2: CNN: 13, degree: 2
CNN: 13 comparing with 2 (6.800000)
CNN: 13 comparing with 4 (6.992100)
PCH Id: 11
No CMS. Chose new clusterhead 10
11 14 13 
11(10) 11(10) 11(10) 
