CNN[0]=14	PCH[0]=14
Round: 0: CNN: 14, degree: 2
CNN: 14 comparing with 13 (3.000000)
CNN: 14 comparing with 11 (2.512461)
PCH Id: 14
Round: 1: CNN: 11, degree: 2
CNN: 11 comparing with 10 (3.700000)
CNN: 11 comparing with 12 (5.489118)
PCH Id: 10
Round: 2: CNN: 10, degree: 4
CNN: 10 comparing with 9 (3.845584)
CNN: 10 comparing with 1 (2.900000)
PCH Id: 10
14 11 10 
14(10) 14(10) 10(10) 
