CNN[0]=4	PCH[0]=4
Round: 0: CNN: 4, degree: 2
CNN: 4 comparing with 1 (2.572792)
CNN: 4 comparing with 5 (3.212461)
PCH Id: 1
Round: 1: CNN: 1, degree: 3
CNN: 1 comparing with 10 (2.900000)
CNN: 1 comparing with 2 (2.512461)
PCH Id: 1
Round: 2: CNN: 2, degree: 2
CNN: 2 comparing with 11 (7.062812)
CNN: 2 comparing with 9 (4.446050)
CNN: 2 comparing with 12 (5.874486)
CNN: 2 comparing with 3 (1.472792)
PCH Id: 1
4 1 2 
4(1) 1(1) 1(1) 
