CNN[0]=7	PCH[0]=7
Round: 0: CNN: 7, degree: 1
CNN: 7 comparing with 6 (2.972792)
PCH Id: 6
Round: 1: CNN: 6, degree: 3
CNN: 6 comparing with 3 (2.072792)
CNN: 6 comparing with 8 (1.972792)
PCH Id: 6
Round: 2: CNN: 8, degree: 1
CNN: 8 comparing with 2 (2.946050)
PCH Id: 6
7 6 8 
7(6) 6(6) 6(6) 
