CNN[0]=8	PCH[0]=8
Round: 0: CNN: 8, degree: 1
CNN: 8 comparing with 6 (1.972792)
PCH Id: 6
Round: 1: CNN: 6, degree: 3
CNN: 6 comparing with 3 (2.072792)
CNN: 6 comparing with 7 (2.972792)
PCH Id: 6
Round: 2: CNN: 3, degree: 2
CNN: 3 comparing with 2 (1.472792)
PCH Id: 6
8 6 3 
8(6) 6(6) 6(6) 
