CNN[0]=9	PCH[0]=9
Round: 0: CNN: 9, degree: 1
CNN: 9 comparing with 10 (3.845584)
PCH Id: 10
Round: 1: CNN: 10, degree: 4
CNN: 10 comparing with 11 (3.700000)
CNN: 10 comparing with 12 (2.112461)
CNN: 10 comparing with 1 (2.900000)
PCH Id: 10
Round: 2: CNN: 12, degree: 2
CNN: 12 comparing with 2 (5.874486)
CNN: 12 comparing with 4 (6.447857)
CNN: 12 comparing with 13 (1.372792)
CNN: 12 comparing with 14 (4.110795)
PCH Id: 10
9 10 12 
9(10) 10(10) 10(10) 
